31.07.2022	11	12	22	31	32	1
27.07.2022	2	7	18	32	33	7
24.07.2022	16	18	20	21	27	12
20.07.2022	3	4	20	31	34	4
17.07.2022	4	10	14	16	23	6
13.07.2022	1	7	9	10	27	3
10.07.2022	2	9	26	30	33	11
06.07.2022	4	13	27	28	29	5
03.07.2022	2	5	14	21	31	3
29.06.2022	1	15	19	27	29	1
26.06.2022	1	5	15	19	20	1
22.06.2022	2	8	10	14	23	1
19.06.2022	25	26	29	31	33	13
15.06.2022	6	7	11	25	29	14
12.06.2022	1	14	21	24	26	12
08.06.2022	1	15	18	20	25	2
05.06.2022	13	18	22	23	31	11
01.06.2022	1	6	9	15	20	3
29.05.2022	1	6	13	18	23	1
25.05.2022	5	7	13	17	28	12
22.05.2022	1	12	16	22	24	1
18.05.2022	6	10	16	19	27	13
15.05.2022	7	8	16	22	27	3
11.05.2022	9	14	16	21	30	10
08.05.2022	3	22	23	29	30	9
04.05.2022	1	2	14	18	32	7
01.05.2022	4	12	20	22	30	9
27.04.2022	2	4	6	12	14	10
24.04.2022	3	9	11	15	34	6
20.04.2022	8	12	21	23	31	12
17.04.2022	3	21	23	25	34	11
13.04.2022	11	14	20	24	28	7
10.04.2022	10	15	21	27	34	3
06.04.2022	5	6	7	11	30	11
03.04.2022	18	21	26	29	30	7
30.03.2022	9	11	13	20	30	11
27.03.2022	2	3	8	12	13	5
23.03.2022	6	11	14	23	25	2
20.03.2022	2	3	13	17	21	14
16.03.2022	4	11	15	22	28	9
13.03.2022	7	25	26	27	30	11
09.03.2022	4	5	6	17	27	9
06.03.2022	1	5	10	19	31	12
02.03.2022	15	18	20	21	22	5
27.02.2022	2	9	10	25	32	8
23.02.2022	5	15	18	23	28	5
20.02.2022	3	21	23	24	27	13
16.02.2022	4	17	24	31	34	13
13.02.2022	5	6	8	14	19	5
09.02.2022	4	10	12	33	34	12
06.02.2022	3	19	20	27	31	11
02.02.2022	7	12	27	29	33	14
30.01.2022	9	19	27	28	34	12
26.01.2022	3	8	11	17	20	13
23.01.2022	2	4	12	17	28	6
19.01.2022	12	13	24	32	34	12
16.01.2022	4	5	14	28	30	13
12.01.2022	2	7	15	31	34	13
09.01.2022	5	16	17	30	33	10
05.01.2022	5	13	21	23	34	9
29.12.2021	6	13	21	29	33	9
26.12.2021	22	23	26	30	34	11
22.12.2021	4	7	14	15	22	7
19.12.2021	3	6	7	18	23	8
15.12.2021	2	7	12	17	28	10
12.12.2021	3	13	15	26	30	12
08.12.2021	1	12	16	24	30	8
05.12.2021	6	7	9	26	33	7
01.12.2021	11	24	25	28	29	13
28.11.2021	2	4	19	31	33	14
24.11.2021	9	16	24	26	30	11
21.11.2021	4	11	14	27	31	4
17.11.2021	2	7	8	9	21	14
14.11.2021	12	17	24	25	34	8
10.11.2021	6	9	15	30	32	14
07.11.2021	2	21	29	31	32	8
03.11.2021	7	14	24	25	29	7
31.10.2021	7	9	30	32	34	9
27.10.2021	1	2	8	18	19	14
24.10.2021	5	12	25	27	30	2
20.10.2021	1	6	18	23	30	9
17.10.2021	2	15	20	21	32	4
13.10.2021	3	7	25	27	31	2
10.10.2021	8	11	15	24	30	9
06.10.2021	1	6	8	10	11	12
03.10.2021	1	12	18	20	23	12
29.09.2021	10	15	18	19	27	4
26.09.2021	1	17	21	22	24	14
22.09.2021	3	13	14	22	32	8
19.09.2021	1	5	7	19	26	4
15.09.2021	9	11	26	33	34	1
12.09.2021	8	16	17	26	30	13
08.09.2021	1	6	9	23	27	12
05.09.2021	5	13	14	19	33	5
01.09.2021	6	8	10	14	22	10
29.08.2021	2	10	18	29	32	11
25.08.2021	3	11	19	21	30	11
22.08.2021	9	15	18	19	30	11
18.08.2021	1	9	13	22	30	8
15.08.2021	6	7	11	16	23	3
11.08.2021	6	14	23	24	26	2
08.08.2021	2	6	18	26	33	10
04.08.2021	8	10	18	24	32	6
01.08.2021	5	6	21	22	26	1
28.07.2021	1	3	4	7	8	1
25.07.2021	8	13	26	27	33	3
21.07.2021	8	16	22	25	30	3
18.07.2021	2	4	21	23	30	11
14.07.2021	3	25	28	30	31	10
11.07.2021	1	12	22	23	30	4
07.07.2021	10	13	16	31	33	8
04.07.2021	5	17	24	25	28	10
30.06.2021	6	15	16	17	31	2
27.06.2021	4	5	11	15	21	6
23.06.2021	2	7	11	32	33	6
20.06.2021	1	12	20	21	25	5
16.06.2021	2	13	17	22	24	6
13.06.2021	3	4	8	28	31	6
09.06.2021	12	17	18	19	30	3
06.06.2021	7	14	25	28	32	6
02.06.2021	2	6	16	17	32	11
30.05.2021	8	18	24	28	29	13
26.05.2021	14	21	24	27	31	3
23.05.2021	6	20	21	23	29	8
19.05.2021	5	18	23	28	32	14
16.05.2021	17	18	20	27	32	11
12.05.2021	12	17	22	24	26	2
09.05.2021	12	14	16	20	25	13
05.05.2021	7	10	12	13	33	8
02.05.2021	2	5	15	17	26	3
28.04.2021	9	10	15	16	34	13
25.04.2021	2	12	24	31	34	5
21.04.2021	14	18	20	22	29	8
18.04.2021	1	3	7	18	20	4
14.04.2021	11	19	24	25	26	11
11.04.2021	13	16	19	29	34	13
07.04.2021	4	10	16	24	25	4
04.04.2021	3	8	11	13	19	5
31.03.2021	2	6	9	15	30	14
28.03.2021	10	12	14	22	28	3
24.03.2021	4	9	23	27	31	5
21.03.2021	4	14	22	25	28	3
17.03.2021	2	8	9	25	27	12
14.03.2021	2	7	14	18	30	9
10.03.2021	22	28	29	30	32	7
07.03.2021	2	11	14	18	31	12
03.03.2021	11	20	21	22	34	1
28.02.2021	3	5	12	13	31	2
24.02.2021	2	17	27	32	34	9
21.02.2021	3	6	9	24	29	11
17.02.2021	7	11	22	24	31	7
14.02.2021	8	9	10	14	17	3
10.02.2021	9	21	22	25	31	14
07.02.2021	8	9	15	20	30	12
03.02.2021	2	3	7	11	15	4
31.01.2021	14	16	19	25	34	2
27.01.2021	6	12	14	24	30	4
24.01.2021	2	16	24	29	30	6
20.01.2021	18	19	27	32	34	3
17.01.2021	4	7	20	26	27	7
13.01.2021	17	19	24	32	34	1
10.01.2021	3	10	12	13	17	5
06.01.2021	10	14	23	30	34	8
03.01.2021	10	12	16	26	29	9
30.12.2020	15	16	18	25	31	14
27.12.2020	3	7	13	19	28	13
23.12.2020	2	11	25	28	33	1
20.12.2020	8	9	18	30	32	9
16.12.2020	2	12	14	22	30	6
13.12.2020	5	9	10	28	33	7
09.12.2020	11	17	20	28	29	14
06.12.2020	7	21	22	26	34	6
02.12.2020	4	9	10	13	33	12
29.11.2020	11	13	16	26	32	10
25.11.2020	1	7	16	21	22	12
22.11.2020	2	16	20	28	31	1
18.11.2020	6	8	27	31	32	10
15.11.2020	18	20	28	31	32	5
11.11.2020	18	22	26	28	33	1
08.11.2020	4	5	9	11	30	6
04.11.2020	4	27	28	32	34	4
01.11.2020	3	5	9	29	34	2
28.10.2020	6	18	19	23	27	14
25.10.2020	7	12	15	31	34	14
21.10.2020	12	16	17	26	32	12
18.10.2020	6	10	15	22	29	2
14.10.2020	3	4	22	32	33	11
07.10.2020	1	6	13	22	23	6
30.09.2020	1	4	7	17	23	5
23.09.2020	6	11	14	18	34	6
16.09.2020	11	12	22	25	33	13
09.09.2020	3	5	21	29	32	6
02.09.2020	4	5	23	25	29	6
26.08.2020	14	15	18	29	34	5
19.08.2020	5	13	18	19	21	1
12.08.2020	2	7	20	21	33	1
05.08.2020	1	4	7	14	24	1
29.07.2020	11	13	14	32	34	8
22.07.2020	6	16	17	25	31	9
15.07.2020	2	5	8	15	16	10
08.07.2020	11	12	20	30	33	14
01.07.2020	9	12	14	23	30	4
24.06.2020	1	17	20	25	34	8
17.06.2020	4	10	19	20	30	4
10.06.2020	16	19	23	30	32	3
03.06.2020	6	7	9	23	32	1
27.05.2020	3	5	11	23	31	13
20.05.2020	2	9	14	20	27	4
13.05.2020	7	9	29	31	33	13
06.05.2020	22	25	28	29	30	5
29.04.2020	8	12	22	32	33	10
22.04.2020	3	11	12	25	34	9
15.04.2020	7	10	16	29	34	7
08.04.2020	4	5	8	9	11	12
01.04.2020	5	13	14	31	33	4
25.03.2020	9	14	22	25	26	10
18.03.2020	2	4	16	25	30	14
11.03.2020	2	6	14	22	34	4
04.03.2020	3	12	25	28	32	14
26.02.2020	3	11	20	25	28	6
19.02.2020	1	2	5	6	25	1
12.02.2020	4	16	20	21	29	9
05.02.2020	1	16	17	26	31	1
29.01.2020	6	12	17	19	30	8
22.01.2020	17	18	24	27	29	11
15.01.2020	3	17	18	23	26	4
08.01.2020	4	12	18	28	33	11
01.01.2020	6	7	18	25	34	5
25.12.2019	4	5	21	22	31	3
18.12.2019	11	12	17	23	26	3
11.12.2019	2	4	7	12	21	10
04.12.2019	12	18	26	30	34	6
27.11.2019	1	9	14	24	28	14
20.11.2019	7	8	25	29	32	6
13.11.2019	2	19	21	24	25	5
06.11.2019	7	8	27	29	33	10
30.10.2019	1	10	30	32	34	3
23.10.2019	10	14	16	26	29	11
16.10.2019	3	11	17	23	31	5
09.10.2019	3	11	14	28	31	1
02.10.2019	5	15	29	31	33	8
25.09.2019	1	12	16	18	29	6
18.09.2019	10	14	23	27	30	10
11.09.2019	6	8	19	27	34	4
04.09.2019	6	15	18	21	24	7
28.08.2019	1	15	24	32	33	4
21.08.2019	6	8	10	27	31	4
14.08.2019	7	13	15	25	31	2
07.08.2019	1	9	10	12	21	2
31.07.2019	10	13	14	18	27	3
24.07.2019	7	14	18	22	34	5
17.07.2019	3	7	8	25	34	8
10.07.2019	2	8	19	20	29	14
03.07.2019	3	7	9	17	24	6
26.06.2019	1	4	14	29	34	10
19.06.2019	15	16	17	27	28	4
12.06.2019	10	16	24	25	33	3
05.06.2019	1	3	12	13	33	12
29.05.2019	1	9	27	31	32	9
22.05.2019	2	13	19	23	33	11
15.05.2019	2	7	12	22	31	2
08.05.2019	7	10	20	29	31	14
01.05.2019	7	17	26	28	29	7
24.04.2019	6	9	13	22	29	8
17.04.2019	10	18	22	28	31	3
10.04.2019	2	3	10	25	27	4
03.04.2019	6	9	16	19	21	11
27.03.2019	1	8	25	30	33	13
20.03.2019	2	12	28	32	34	2
13.03.2019	1	9	13	21	32	13
06.03.2019	12	13	19	29	33	14
27.02.2019	11	12	23	26	27	13
20.02.2019	8	10	13	14	18	3
13.02.2019	8	15	17	25	30	14
06.02.2019	3	11	15	17	23	6
30.01.2019	2	9	11	19	31	11
23.01.2019	1	10	18	29	30	10
16.01.2019	9	12	18	20	23	1
09.01.2019	7	15	19	32	33	7
02.01.2019	5	18	22	24	31	2
26.12.2018	1	8	12	13	18	9
19.12.2018	12	14	15	25	33	8
12.12.2018	1	2	8	22	27	14
05.12.2018	2	7	13	19	29	9
28.11.2018	11	13	18	29	34	14
21.11.2018	3	5	12	13	22	3
14.11.2018	13	14	23	26	27	14
07.11.2018	8	16	21	23	32	13
31.10.2018	2	12	25	29	30	6
24.10.2018	2	5	14	15	22	14
17.10.2018	6	18	19	26	27	5
10.10.2018	1	11	17	26	34	1
03.10.2018	7	9	14	24	28	6
26.09.2018	20	23	25	29	30	3
19.09.2018	2	3	6	20	30	1
12.09.2018	8	20	24	25	26	3
05.09.2018	5	15	22	33	34	2
29.08.2018	11	16	18	22	31	4
22.08.2018	2	11	13	19	32	11
15.08.2018	3	23	24	26	31	2
08.08.2018	1	22	29	32	33	12
01.08.2018	9	21	26	28	30	9
25.07.2018	7	14	15	18	20	9
18.07.2018	8	14	16	28	31	10
11.07.2018	17	24	26	33	34	11
04.07.2018	8	15	16	30	31	9
27.06.2018	19	21	22	23	24	8
20.06.2018	4	9	13	21	26	9
13.06.2018	11	20	22	24	34	1
06.06.2018	13	18	28	30	33	13
30.05.2018	1	4	14	21	25	12
23.05.2018	6	9	10	24	27	12
16.05.2018	5	9	14	26	31	12
09.05.2018	2	7	11	19	27	6
02.05.2018	15	16	17	23	31	3
25.04.2018	5	14	18	26	30	12
18.04.2018	8	9	19	20	25	10
11.04.2018	6	23	25	26	30	4
04.04.2018	14	16	30	31	33	3
28.03.2018	9	11	15	18	19	9
21.03.2018	3	20	23	27	29	12
14.03.2018	2	7	10	16	21	9
07.03.2018	5	8	14	17	32	9
28.02.2018	2	5	6	14	30	13
21.02.2018	9	10	15	27	31	3
14.02.2018	1	11	25	28	30	6
07.02.2018	17	20	21	32	34	10
31.01.2018	8	9	16	25	29	7
24.01.2018	6	11	14	17	29	11
17.01.2018	9	10	16	29	34	6
10.01.2018	9	12	16	19	26	9
03.01.2018	11	15	20	21	26	2
27.12.2017	6	8	25	28	33	5
20.12.2017	6	10	13	16	25	12
13.12.2017	8	9	11	17	23	6
06.12.2017	2	5	10	32	34	1
29.11.2017	3	6	7	13	27	3
22.11.2017	13	15	22	24	31	9
15.11.2017	3	5	8	23	32	11
08.11.2017	12	14	25	30	32	2
01.11.2017	1	20	22	24	29	2
25.10.2017	1	2	15	19	23	9
18.10.2017	1	2	15	16	25	12
11.10.2017	8	9	13	30	34	9
04.10.2017	2	12	16	26	32	10
27.09.2017	1	6	8	17	31	4
20.09.2017	10	18	28	30	32	4
13.09.2017	3	9	23	27	32	7
06.09.2017	2	6	11	13	26	6
30.08.2017	10	13	15	30	31	6
23.08.2017	13	19	21	24	29	6
16.08.2017	2	4	5	11	31	5
09.08.2017	18	20	23	24	31	10
02.08.2017	1	17	20	21	28	4
26.07.2017	14	20	21	22	26	3
19.07.2017	8	22	24	28	30	6
12.07.2017	6	8	10	26	27	11
05.07.2017	2	5	10	11	32	2
28.06.2017	20	21	23	24	29	9
21.06.2017	3	4	17	19	33	10
14.06.2017	2	17	20	23	33	4
07.06.2017	1	12	13	20	31	1
31.05.2017	5	8	11	16	20	4
24.05.2017	22	26	28	29	34	12
17.05.2017	5	6	9	10	14	1
10.05.2017	4	7	19	29	30	3
03.05.2017	11	13	15	18	19	8
26.04.2017	7	10	14	18	19	10
19.04.2017	9	10	14	30	31	7
12.04.2017	1	4	10	26	32	9
05.04.2017	9	13	22	24	33	2
29.03.2017	8	25	29	31	34	6
22.03.2017	4	24	26	29	31	11
15.03.2017	18	22	23	26	29	12
08.03.2017	2	3	6	11	18	12
01.03.2017	7	11	13	20	29	6
22.02.2017	16	20	27	28	31	5
15.02.2017	3	11	12	19	24	9
08.02.2017	11	12	25	27	29	11
01.02.2017	1	13	17	19	32	8
25.01.2017	3	6	15	19	33	13
18.01.2017	3	4	19	23	29	8
11.01.2017	2	3	8	20	26	8
04.01.2017	8	13	17	27	28	6
28.12.2016	7	8	11	26	28	10
21.12.2016	8	20	23	27	32	11
14.12.2016	4	16	22	29	30	11
07.12.2016	6	10	17	24	30	4
30.11.2016	4	10	11	16	26	1
23.11.2016	6	23	24	26	33	6
16.11.2016	4	18	20	22	32	13
09.11.2016	4	13	21	27	28	6
02.11.2016	4	11	26	29	30	11
26.10.2016	11	14	20	26	28	10
19.10.2016	2	12	23	24	30	6
12.10.2016	11	13	20	26	29	10
05.10.2016	13	24	25	27	33	2
28.09.2016	5	13	15	32	33	8
21.09.2016	3	12	13	27	33	1
14.09.2016	3	10	15	22	32	7
07.09.2016	5	10	12	20	25	7
31.08.2016	1	5	6	9	12	2
24.08.2016	12	22	25	26	33	3
17.08.2016	6	11	20	23	29	11
10.08.2016	10	12	16	25	34	11
03.08.2016	1	4	9	11	26	8
27.07.2016	9	17	18	24	34	5
20.07.2016	4	9	11	12	29	2
13.07.2016	7	12	15	19	26	2
06.07.2016	10	20	21	24	32	5
29.06.2016	6	19	24	29	30	13
22.06.2016	13	20	25	27	28	13
15.06.2016	18	21	25	32	34	5
08.06.2016	6	10	20	24	28	6
01.06.2016	2	5	10	20	23	14
25.05.2016	18	21	25	32	34	8
18.05.2016	18	19	22	24	32	12
11.05.2016	2	17	22	27	31	14
04.05.2016	1	8	10	14	19	12
27.04.2016	11	15	17	26	29	12
20.04.2016	8	10	25	26	33	11
13.04.2016	3	13	21	27	31	6
06.04.2016	7	8	9	21	22	12
30.03.2016	6	12	17	21	22	14
23.03.2016	5	16	18	28	33	12
16.03.2016	3	7	8	26	27	7
09.03.2016	2	5	26	27	33	6
02.03.2016	9	10	18	22	24	7
24.02.2016	6	7	15	22	29	2
17.02.2016	13	17	23	25	31	10
10.02.2016	14	19	26	29	33	9
03.02.2016	2	3	5	18	19	5
27.01.2016	8	21	23	25	26	7
20.01.2016	2	14	16	17	32	10
13.01.2016	8	10	17	18	19	13
06.01.2016	6	16	19	22	24	7
30.12.2015	4	5	14	27	28	7
23.12.2015	7	8	12	22	27	2
16.12.2015	3	13	18	21	26	14
09.12.2015	2	27	29	32	33	13
02.12.2015	12	13	14	25	26	4
25.11.2015	7	16	22	25	28	2
18.11.2015	4	15	25	30	31	10
11.11.2015	7	20	21	23	29	9
04.11.2015	1	2	18	20	30	2
28.10.2015	1	6	9	17	32	14
21.10.2015	6	8	19	32	34	4
14.10.2015	3	6	13	25	32	13
07.10.2015	3	6	13	28	33	12
30.09.2015	11	15	17	21	30	7
23.09.2015	2	8	22	24	27	4
16.09.2015	6	16	18	19	26	6
09.09.2015	7	10	14	20	29	9
02.09.2015	5	8	11	13	33	6
26.08.2015	5	13	15	23	34	1
19.08.2015	3	10	15	18	33	13
12.08.2015	7	12	20	21	27	6
05.08.2015	1	14	18	22	28	2
29.07.2015	1	2	7	8	32	14
22.07.2015	4	6	7	17	27	13
15.07.2015	1	10	17	23	34	5
08.07.2015	13	19	30	32	34	14
01.07.2015	5	6	18	26	32	4
24.06.2015	5	7	10	25	30	14
17.06.2015	7	9	13	20	24	9
10.06.2015	9	23	26	27	32	7
03.06.2015	7	13	14	20	31	8
27.05.2015	1	2	11	24	25	14
20.05.2015	8	12	21	24	28	3
13.05.2015	2	13	17	27	31	13
06.05.2015	6	14	21	30	31	4
29.04.2015	2	4	18	27	28	6
22.04.2015	3	8	10	20	25	6
15.04.2015	5	20	22	26	29	8
08.04.2015	7	16	22	26	28	12
01.04.2015	1	9	14	18	27	12
25.03.2015	3	5	7	24	31	7
18.03.2015	6	10	12	14	24	12
11.03.2015	2	8	14	16	25	4
04.03.2015	4	22	24	29	32	12
25.02.2015	1	11	25	28	29	4
18.02.2015	10	22	25	32	34	1
11.02.2015	5	19	25	31	32	10
04.02.2015	8	18	27	31	33	11
28.01.2015	8	12	17	23	25	7
21.01.2015	5	6	15	17	22	8
14.01.2015	14	22	26	29	34	3
07.01.2015	4	12	17	20	21	13
31.12.2014	5	11	23	28	32	7
24.12.2014	3	12	15	22	27	13
17.12.2014	5	16	19	22	29	13
10.12.2014	3	4	5	21	26	4
03.12.2014	8	9	21	29	32	10
26.11.2014	8	17	26	30	31	11
19.11.2014	15	22	24	30	33	6
12.11.2014	11	17	28	30	31	4
05.11.2014	2	7	12	21	28	7
29.10.2014	1	6	12	14	15	6
22.10.2014	7	8	14	16	25	8
15.10.2014	7	12	22	26	32	1
08.10.2014	3	15	17	25	28	13
01.10.2014	2	6	7	9	29	3
24.09.2014	5	11	13	32	33	11
17.09.2014	1	7	14	27	33	2
10.09.2014	1	4	5	31	32	12
03.09.2014	5	8	10	16	26	5
27.08.2014	2	21	23	27	30	3
20.08.2014	2	13	25	27	29	12
13.08.2014	8	13	15	16	27	6
06.08.2014	13	19	21	22	33	10
30.07.2014	11	17	19	30	31	12
23.07.2014	3	6	13	24	30	11
16.07.2014	1	9	11	26	29	11
09.07.2014	11	17	23	24	26	7
02.07.2014	7	9	14	15	16	2
25.06.2014	7	15	20	30	31	9
18.06.2014	2	12	16	25	28	6
11.06.2014	10	14	15	24	29	14
04.06.2014	5	11	13	14	31	13
28.05.2014	1	3	5	28	34	1
21.05.2014	16	17	25	27	32	10
14.05.2014	9	12	17	20	28	6
07.05.2014	1	9	14	15	27	12
30.04.2014	3	8	11	14	22	12
23.04.2014	13	20	23	28	31	2
16.04.2014	2	20	22	31	33	14
09.04.2014	24	25	30	32	33	13
02.04.2014	2	7	16	25	29	12
26.03.2014	6	8	13	17	34	6
19.03.2014	6	7	10	33	34	1
12.03.2014	8	16	19	28	30	10
05.03.2014	1	11	12	21	32	13
26.02.2014	1	3	16	26	33	14
19.02.2014	3	8	16	30	32	12
12.02.2014	1	22	23	27	29	5
05.02.2014	1	9	17	26	29	11
29.01.2014	18	20	21	28	29	12
22.01.2014	3	12	15	16	30	7
15.01.2014	9	13	23	28	33	5
08.01.2014	9	11	12	16	26	14
01.01.2014	2	14	27	29	30	5
25.12.2013	12	14	19	22	26	2
18.12.2013	9	20	22	30	34	6
11.12.2013	3	4	17	20	29	1
04.12.2013	4	5	13	15	20	6
27.11.2013	11	12	25	27	28	11
20.11.2013	5	7	14	28	34	4
13.11.2013	1	7	12	20	34	4
06.11.2013	4	17	23	25	28	10
30.10.2013	8	9	14	19	21	2
23.10.2013	1	17	19	25	27	9
16.10.2013	9	14	17	23	34	9
09.10.2013	17	18	24	27	29	4
02.10.2013	3	14	20	25	31	6
25.09.2013	2	5	13	27	29	12
18.09.2013	5	12	13	14	16	7
11.09.2013	13	16	19	31	33	9
04.09.2013	3	10	13	20	24	14
28.08.2013	5	10	17	19	23	5
21.08.2013	1	7	12	17	29	5
14.08.2013	4	8	26	30	33	7
07.08.2013	10	11	14	15	25	9
31.07.2013	6	9	22	28	34	11
24.07.2013	3	18	25	31	33	11
17.07.2013	2	4	6	11	14	3
10.07.2013	1	19	22	23	31	2
03.07.2013	1	9	11	20	27	10
26.06.2013	6	7	10	14	31	13
19.06.2013	13	19	23	28	29	13
12.06.2013	3	9	19	23	24	6
05.06.2013	1	3	8	12	23	2
29.05.2013	6	22	23	24	29	13
22.05.2013	5	10	11	15	23	11
15.05.2013	9	17	20	30	32	13
08.05.2013	3	4	17	28	31	3
01.05.2013	19	20	22	23	28	10
24.04.2013	4	5	19	21	29	7
17.04.2013	13	15	20	26	27	3
10.04.2013	11	13	17	22	32	13
03.04.2013	12	15	28	29	34	12
27.03.2013	6	7	22	29	32	14
20.03.2013	6	9	15	21	24	14
13.03.2013	1	7	26	29	34	2
06.03.2013	7	15	21	26	28	9
27.02.2013	8	13	16	20	33	9
20.02.2013	3	11	17	23	25	10
13.02.2013	4	7	21	26	30	6
06.02.2013	4	5	14	18	30	3
30.01.2013	5	6	12	32	33	13
23.01.2013	1	8	11	13	14	4
16.01.2013	4	8	14	26	34	6
09.01.2013	11	17	28	32	34	6
02.01.2013	1	2	23	28	34	14
26.12.2012	3	4	5	15	26	14
19.12.2012	3	4	10	17	31	4
12.12.2012	3	20	22	23	28	8
05.12.2012	8	24	26	32	34	2
28.11.2012	2	5	15	16	24	12
21.11.2012	4	9	27	28	33	6
14.11.2012	2	9	18	19	22	1
07.11.2012	3	10	16	31	33	13
31.10.2012	3	12	21	28	33	5
24.10.2012	3	6	10	25	27	9
17.10.2012	5	11	21	29	30	3
10.10.2012	7	15	17	30	33	10
03.10.2012	3	5	9	17	22	12
26.09.2012	17	20	22	23	31	11
19.09.2012	10	11	14	22	34	7
12.09.2012	5	8	23	30	32	14
05.09.2012	3	16	20	22	25	7
29.08.2012	9	11	13	19	24	6
22.08.2012	8	9	16	17	21	9
15.08.2012	4	13	15	23	33	3
08.08.2012	6	14	24	30	34	7
01.08.2012	6	8	15	29	33	12
25.07.2012	2	4	25	29	33	8
18.07.2012	8	12	13	29	30	1
11.07.2012	3	4	12	13	20	11
04.07.2012	12	24	26	32	33	4
27.06.2012	3	7	19	23	30	14
20.06.2012	8	10	14	16	17	13
13.06.2012	3	12	15	23	32	2
06.06.2012	2	15	16	24	34	2
30.05.2012	1	15	18	21	27	7
23.05.2012	6	11	23	24	29	1
16.05.2012	12	22	28	29	33	11
09.05.2012	6	7	8	20	28	7
02.05.2012	4	5	17	19	28	2
25.04.2012	10	26	31	33	34	5
18.04.2012	4	14	17	18	28	10
11.04.2012	1	2	12	24	31	9
04.04.2012	4	6	11	12	33	5
28.03.2012	9	15	22	28	34	3
21.03.2012	10	23	28	29	34	1
14.03.2012	4	6	13	17	33	6
07.03.2012	3	9	22	25	27	5
29.02.2012	6	9	13	22	33	13
22.02.2012	4	10	22	26	27	13
15.02.2012	7	9	10	15	16	13
08.02.2012	13	14	18	21	31	10
01.02.2012	3	13	26	30	34	8
25.01.2012	14	16	20	28	31	2
18.01.2012	12	19	27	28	29	14
11.01.2012	12	13	14	24	29	7
04.01.2012	5	11	21	24	26	6
28.12.2011	12	16	17	29	33	11
21.12.2011	13	17	21	22	30	12
14.12.2011	4	12	13	16	22	14
07.12.2011	11	18	22	25	29	6
30.11.2011	3	21	27	30	32	12
23.11.2011	3	5	15	19	32	10
16.11.2011	3	7	9	10	24	10
09.11.2011	8	13	26	33	34	6
02.11.2011	16	18	19	31	32	9
26.10.2011	1	21	25	30	33	6
19.10.2011	5	7	9	11	24	8
12.10.2011	1	7	20	21	29	6
05.10.2011	2	3	18	23	32	2
28.09.2011	9	13	22	24	34	10
21.09.2011	1	10	14	15	21	6
14.09.2011	4	9	12	24	29	14
07.09.2011	2	10	15	22	24	13
31.08.2011	8	12	19	29	31	12
24.08.2011	1	20	25	27	30	4
17.08.2011	16	19	21	30	34	4
10.08.2011	2	6	9	14	19	14
03.08.2011	1	5	6	13	34	14
27.07.2011	5	12	23	24	26	11
20.07.2011	5	13	22	28	30	12
13.07.2011	6	15	19	20	25	10
06.07.2011	1	8	13	21	29	8
29.06.2011	2	6	14	29	33	1
22.06.2011	1	8	12	25	28	9
15.06.2011	2	10	11	23	29	13
08.06.2011	6	19	31	33	34	13
01.06.2011	7	12	17	20	32	1
25.05.2011	1	6	9	10	34	4
18.05.2011	1	12	19	27	31	10
11.05.2011	16	22	27	28	33	10
04.05.2011	8	24	30	31	33	4
27.04.2011	1	4	6	22	34	12
20.04.2011	9	14	21	23	25	5
13.04.2011	18	20	25	26	32	8
06.04.2011	1	8	14	23	34	11
30.03.2011	18	23	28	33	34	13
23.03.2011	15	26	27	28	34	2
16.03.2011	2	13	19	22	31	3
09.03.2011	8	18	23	27	30	10
02.03.2011	5	6	17	19	23	3
23.02.2011	5	12	27	28	29	12
16.02.2011	5	7	9	13	16	14
09.02.2011	1	4	9	23	28	11
02.02.2011	3	5	10	16	29	12
26.01.2011	5	6	10	12	33	4
19.01.2011	9	14	21	23	24	8
12.01.2011	3	9	14	29	32	4
05.01.2011	4	7	18	19	30	11
29.12.2010	2	15	16	22	31	10
22.12.2010	4	7	22	25	28	13
15.12.2010	2	5	16	18	28	9
08.12.2010	3	4	8	19	33	6
01.12.2010	9	12	18	24	32	11
24.11.2010	8	15	19	28	33	14
17.11.2010	3	7	11	12	32	12
10.11.2010	1	9	12	20	30	14
03.11.2010	5	9	24	25	31	5
27.10.2010	18	21	24	28	32	7
20.10.2010	9	12	22	29	32	13
13.10.2010	11	19	27	29	33	4
06.10.2010	6	11	15	25	31	6
29.09.2010	1	15	19	23	32	12
22.09.2010	1	5	11	15	17	13
15.09.2010	3	5	26	30	34	6
08.09.2010	4	19	25	28	33	8
01.09.2010	4	5	6	7	20	1
25.08.2010	5	13	15	25	32	10
18.08.2010	5	12	23	24	30	13
11.08.2010	12	13	17	18	33	6
04.08.2010	2	11	13	17	31	6
28.07.2010	7	13	20	31	32	12
21.07.2010	2	5	18	22	29	6
14.07.2010	1	5	7	16	29	11
07.07.2010	15	16	19	21	33	3
30.06.2010	15	18	30	32	33	2
23.06.2010	4	12	18	20	32	1
16.06.2010	5	7	10	18	20	5
09.06.2010	1	2	5	23	31	1
02.06.2010	3	14	29	32	34	7
26.05.2010	7	19	20	21	25	12
19.05.2010	8	13	16	23	29	6
12.05.2010	3	5	11	14	19	13
05.05.2010	2	7	9	23	27	9
28.04.2010	4	18	19	20	31	2
21.04.2010	12	18	24	29	32	14
14.04.2010	5	10	14	17	31	2
07.04.2010	4	9	14	21	34	5
31.03.2010	1	12	15	18	29	6
24.03.2010	2	14	17	27	31	6
17.03.2010	3	7	16	22	29	7
10.03.2010	3	7	24	29	32	10
03.03.2010	1	3	12	15	31	4
24.02.2010	18	19	22	26	30	9
17.02.2010	1	7	13	16	23	3
10.02.2010	14	18	20	21	25	7
03.02.2010	3	9	17	19	25	13
27.01.2010	5	6	28	29	33	8
20.01.2010	7	11	21	24	25	14
13.01.2010	2	4	8	9	23	10
06.01.2010	2	7	20	24	34	2
30.12.2009	3	4	21	23	24	8
23.12.2009	1	6	10	25	30	4
16.12.2009	2	17	23	24	29	6
09.12.2009	2	7	10	14	18	8
02.12.2009	1	3	6	24	28	4
25.11.2009	5	9	10	21	30	6
18.11.2009	6	7	14	15	26	11
11.11.2009	8	12	16	17	29	6
04.11.2009	11	12	18	22	23	3
28.10.2009	2	5	20	24	27	1
21.10.2009	6	13	14	15	31	1
14.10.2009	9	10	14	15	27	5
07.10.2009	7	19	24	31	33	10
30.09.2009	2	8	12	24	26	2
23.09.2009	2	5	6	20	26	1
16.09.2009	2	3	10	15	16	3
09.09.2009	14	16	17	20	27	10
02.09.2009	2	9	11	16	25	3
26.08.2009	2	5	15	23	28	2
19.08.2009	3	4	6	9	28	11
12.08.2009	4	17	20	21	31	8
05.08.2009	1	12	18	25	33	1
29.07.2009	7	9	15	19	23	2
22.07.2009	3	6	11	17	22	13
15.07.2009	11	14	17	19	24	9
08.07.2009	2	9	21	24	30	8
01.07.2009	7	11	18	22	27	6
24.06.2009	4	5	13	15	30	9
17.06.2009	5	7	15	18	27	2
10.06.2009	2	14	15	21	25	13
03.06.2009	7	9	24	30	31	11
27.05.2009	10	13	23	24	30	5
20.05.2009	4	6	16	32	34	4
13.05.2009	6	10	17	19	34	4
06.05.2009	6	14	15	20	23	6
29.04.2009	1	8	29	30	31	3
22.04.2009	5	6	7	9	26	13
15.04.2009	2	12	14	25	26	2
08.04.2009	8	12	26	28	33	1
01.04.2009	3	8	9	17	19	1
25.03.2009	4	8	11	15	17	8
18.03.2009	2	3	21	30	33	12
11.03.2009	3	17	18	25	28	1
04.03.2009	9	12	21	24	33	5
25.02.2009	5	6	9	15	23	5
18.02.2009	4	6	11	22	34	5
11.02.2009	6	12	13	23	29	12
04.02.2009	10	19	22	26	34	10
28.01.2009	2	12	28	33	34	11
21.01.2009	1	8	15	19	31	9
14.01.2009	13	26	28	29	31	10
07.01.2009	2	12	24	25	32	3
31.12.2008	1	2	11	12	31	12
24.12.2008	1	3	19	30	31	13
17.12.2008	14	18	28	30	32	2
10.12.2008	11	14	15	19	23	12
03.12.2008	1	8	10	20	23	7
26.11.2008	2	3	10	22	32	7
19.11.2008	3	6	13	23	34	12
12.11.2008	1	3	12	20	22	6
05.11.2008	7	14	19	20	34	6
29.10.2008	6	7	8	16	19	2
22.10.2008	5	16	24	27	28	14
15.10.2008	6	7	9	15	33	13
08.10.2008	8	10	18	23	33	14
01.10.2008	6	9	10	14	25	14
24.09.2008	17	23	25	28	33	2
17.09.2008	4	5	9	11	18	12
10.09.2008	2	3	8	22	27	14
03.09.2008	1	20	23	29	31	12
27.08.2008	16	22	27	33	34	5
20.08.2008	4	7	9	27	34	1
13.08.2008	5	6	10	17	20	1
06.08.2008	4	5	6	18	29	4
30.07.2008	6	7	8	18	27	13
23.07.2008	11	21	24	32	34	12
16.07.2008	22	23	24	25	28	12
09.07.2008	1	14	23	30	34	12
02.07.2008	2	7	19	22	31	12
25.06.2008	13	15	20	23	24	8
18.06.2008	22	23	31	32	34	13
11.06.2008	4	6	10	16	20	3
04.06.2008	16	18	19	26	33	9
28.05.2008	2	11	16	19	22	9
21.05.2008	1	11	18	28	33	11
14.05.2008	2	11	29	31	34	10
07.05.2008	3	8	9	11	22	12
30.04.2008	2	8	20	23	29	9
23.04.2008	2	8	20	21	30	8
16.04.2008	3	7	13	26	28	4
09.04.2008	9	11	15	17	23	7
02.04.2008	1	13	19	22	33	7
26.03.2008	1	6	21	22	34	8
19.03.2008	15	18	26	30	34	10
12.03.2008	4	6	16	22	29	8
05.03.2008	9	10	12	17	26	4
27.02.2008	3	6	24	26	33	1
20.02.2008	5	10	25	29	33	6
13.02.2008	1	8	16	30	34	4
06.02.2008	1	2	6	15	31	8
30.01.2008	2	10	11	17	20	5
23.01.2008	3	6	15	17	32	14
16.01.2008	2	7	10	12	25	7
09.01.2008	9	10	11	32	33	10
02.01.2008	1	13	17	21	23	11
26.12.2007	4	11	15	18	27	3
19.12.2007	3	7	15	28	32	8
12.12.2007	9	12	16	23	30	14
05.12.2007	5	9	16	19	32	11
28.11.2007	10	11	20	22	27	4
21.11.2007	1	4	7	17	31	11
14.11.2007	4	9	16	24	29	3
07.11.2007	2	7	9	10	33	6
31.10.2007	11	20	22	23	32	5
24.10.2007	8	13	16	17	28	11
17.10.2007	4	15	19	22	26	14
10.10.2007	4	9	17	26	33	9
03.10.2007	7	17	19	24	28	12
26.09.2007	6	11	14	21	25	14
19.09.2007	2	9	26	28	31	9
12.09.2007	5	14	17	19	27	9
05.09.2007	18	23	24	26	27	3
29.08.2007	9	13	30	31	32	4
22.08.2007	3	15	18	22	28	7
15.08.2007	3	10	12	19	23	12
08.08.2007	10	15	16	24	32	9
01.08.2007	9	14	15	26	30	8
25.07.2007	8	10	23	26	29	2
18.07.2007	11	16	18	22	27	3
11.07.2007	3	10	19	20	23	5
04.07.2007	6	9	10	15	19	10
27.06.2007	2	8	13	18	32	10
20.06.2007	2	3	17	20	27	4
13.06.2007	12	16	19	24	25	6
06.06.2007	10	11	14	18	30	13
30.05.2007	12	15	18	21	29	10
23.05.2007	5	6	16	22	24	8
16.05.2007	4	10	29	31	33	2
09.05.2007	11	14	15	29	31	14
02.05.2007	15	20	23	26	34	3
25.04.2007	8	13	15	24	29	13
18.04.2007	1	9	16	21	28	7
11.04.2007	2	5	25	26	34	2
04.04.2007	8	9	17	18	19	3
28.03.2007	18	19	23	24	27	6
21.03.2007	2	6	22	27	32	3
14.03.2007	14	20	23	24	27	2
07.03.2007	8	9	24	26	28	6
28.02.2007	3	9	15	27	31	2
21.02.2007	11	15	22	28	32	1
14.02.2007	2	15	17	20	30	14
07.02.2007	4	12	22	23	27	2
31.01.2007	4	13	21	29	34	10
24.01.2007	1	8	14	22	26	10
17.01.2007	3	12	18	28	33	1
10.01.2007	8	14	21	23	25	10
03.01.2007	4	10	12	29	33	8
27.12.2006	2	6	10	21	28	6
20.12.2006	7	10	23	26	28	14
13.12.2006	1	7	17	31	32	6
06.12.2006	1	2	7	14	27	7
29.11.2006	4	14	23	27	28	10
22.11.2006	1	3	9	11	17	6
15.11.2006	1	2	4	18	24	9
08.11.2006	4	7	21	32	33	4
01.11.2006	4	7	14	16	32	8
25.10.2006	1	8	21	26	32	9
18.10.2006	1	26	27	30	31	8
11.10.2006	1	5	8	10	28	2
04.10.2006	3	17	22	25	34	5
27.09.2006	2	4	13	19	34	14
20.09.2006	6	18	20	24	28	13
13.09.2006	5	22	23	26	27	4
06.09.2006	1	7	10	13	34	13
30.08.2006	3	4	12	28	30	4
23.08.2006	5	7	11	15	23	14
16.08.2006	3	5	10	14	20	5
09.08.2006	4	6	11	12	34	11
02.08.2006	2	3	15	21	31	7
26.07.2006	4	12	19	21	29	10
19.07.2006	1	2	6	23	27	4
12.07.2006	9	12	13	18	25	3
05.07.2006	15	22	25	32	34	9
28.06.2006	4	17	19	21	25	6
21.06.2006	4	14	23	26	31	1
14.06.2006	5	10	19	21	25	3
07.06.2006	5	22	24	29	32	2
31.05.2006	4	7	17	19	25	3
24.05.2006	3	17	23	26	30	7
17.05.2006	19	22	23	25	33	5
10.05.2006	1	4	6	11	26	11
03.05.2006	5	7	19	25	34	9
26.04.2006	6	10	11	14	16	7
19.04.2006	2	24	25	29	31	9
12.04.2006	5	8	10	19	29	5
05.04.2006	17	24	25	26	30	12
29.03.2006	12	18	23	30	34	14
22.03.2006	3	4	6	13	19	5
15.03.2006	10	23	24	28	34	10
08.03.2006	10	15	17	30	34	7
01.03.2006	1	6	11	24	31	9
22.02.2006	7	18	21	27	33	7
15.02.2006	5	9	11	16	19	11
08.02.2006	4	5	8	22	26	9
01.02.2006	12	16	19	23	29	8
25.01.2006	1	4	6	21	24	8
18.01.2006	2	5	16	17	34	7
11.01.2006	2	8	22	29	30	12
04.01.2006	10	13	22	30	34	10
28.12.2005	4	17	26	27	31	8
21.12.2005	13	16	20	31	32	2
14.12.2005	3	6	18	21	29	9
07.12.2005	3	9	15	19	21	1
30.11.2005	1	4	11	12	25	3
23.11.2005	7	10	12	19	32	14
16.11.2005	10	12	13	31	32	11
09.11.2005	7	10	18	26	28	3
02.11.2005	6	13	18	24	28	10
26.10.2005	3	4	6	19	32	10
19.10.2005	5	20	22	24	25	9
12.10.2005	6	8	12	13	22	12
05.10.2005	3	15	23	31	32	10
28.09.2005	1	3	4	21	23	2
21.09.2005	2	8	9	18	22	3
14.09.2005	11	15	26	30	32	5
07.09.2005	6	20	22	23	28	6
31.08.2005	6	7	12	20	33	5
24.08.2005	4	6	16	21	30	8
17.08.2005	7	21	27	30	32	14
10.08.2005	4	15	22	26	34	7
03.08.2005	11	13	18	27	33	9
27.07.2005	8	14	21	28	30	10
20.07.2005	3	10	12	15	21	2
13.07.2005	8	22	24	32	34	7
06.07.2005	21	25	32	33	34	12
29.06.2005	7	16	17	22	27	6
22.06.2005	13	14	16	23	27	8
15.06.2005	15	20	26	27	28	1
08.06.2005	1	12	14	15	34	1
01.06.2005	11	15	17	19	34	3
25.05.2005	3	24	25	29	31	7
18.05.2005	9	11	15	20	24	5
11.05.2005	6	15	19	23	24	6
04.05.2005	2	14	15	31	34	3
27.04.2005	2	9	18	24	32	1
20.04.2005	5	6	8	18	31	12
13.04.2005	15	18	23	24	28	1
06.04.2005	1	2	19	26	31	4
30.03.2005	4	12	17	27	34	5
23.03.2005	4	13	15	24	33	3
16.03.2005	1	4	10	23	33	1
09.03.2005	1	2	5	21	22	13
02.03.2005	1	19	20	21	28	14
23.02.2005	14	16	19	28	32	3
16.02.2005	13	15	20	22	34	4
09.02.2005	21	22	26	30	33	14
02.02.2005	8	9	19	32	34	13
26.01.2005	10	13	26	27	29	5
19.01.2005	8	18	22	24	29	14
12.01.2005	5	7	17	25	29	5
05.01.2005	2	13	14	18	33	5
29.12.2004	1	5	25	26	30	13
22.12.2004	11	21	22	30	34	14
15.12.2004	12	13	15	18	34	12
08.12.2004	12	13	22	28	30	4
01.12.2004	1	14	17	27	28	10
24.11.2004	2	11	20	23	24	10
17.11.2004	6	9	14	20	23	4
10.11.2004	14	16	20	25	30	1
03.11.2004	2	9	16	29	32	7
27.10.2004	2	7	8	11	17	6
20.10.2004	16	20	28	30	31	11
13.10.2004	4	6	7	13	16	6
06.10.2004	9	18	20	22	24	12
29.09.2004	12	20	21	26	27	10
22.09.2004	6	8	9	14	32	12
15.09.2004	2	21	22	23	33	6
08.09.2004	8	12	18	29	30	8
01.09.2004	5	10	18	21	23	14
25.08.2004	6	14	25	29	30	4
18.08.2004	14	17	21	25	33	11
11.08.2004	7	9	10	18	20	9
04.08.2004	4	6	14	29	32	3
28.07.2004	5	14	16	19	28	7
21.07.2004	7	11	18	24	25	5
14.07.2004	2	4	7	21	22	1
07.07.2004	4	9	12	20	28	7
30.06.2004	2	19	28	30	31	12
23.06.2004	15	20	24	29	33	12
16.06.2004	1	2	17	26	28	13
09.06.2004	9	19	26	30	32	5
02.06.2004	4	10	22	25	28	2
26.05.2004	2	9	12	18	27	12
19.05.2004	1	5	13	14	34	13
12.05.2004	9	15	20	23	27	1
05.05.2004	4	13	25	27	29	11
28.04.2004	2	3	23	25	31	10
21.04.2004	12	16	17	22	29	12
14.04.2004	2	9	12	26	31	4
07.04.2004	5	6	18	26	29	1
31.03.2004	2	15	22	24	25	9
24.03.2004	10	11	18	22	28	8
17.03.2004	4	13	15	20	21	2
10.03.2004	14	20	29	30	31	11
03.03.2004	7	12	17	25	30	1
25.02.2004	7	10	23	26	27	9
18.02.2004	5	9	10	20	29	8
11.02.2004	1	2	13	17	21	3
04.02.2004	4	11	15	22	24	2
28.01.2004	5	15	16	17	25	4
21.01.2004	5	13	17	21	28	11
14.01.2004	20	23	25	27	33	13
07.01.2004	5	21	23	24	32	9
31.12.2003	2	5	16	23	33	13
24.12.2003	15	18	21	32	33	6
17.12.2003	2	6	11	12	18	1
10.12.2003	5	8	15	21	31	12
03.12.2003	19	20	21	25	26	2
26.11.2003	4	7	10	11	29	1
19.11.2003	6	9	12	21	28	2
12.11.2003	6	8	17	19	25	11
05.11.2003	1	8	9	14	21	8
29.10.2003	2	7	27	32	34	8
22.10.2003	5	6	17	26	30	7
15.10.2003	3	5	6	11	31	1
08.10.2003	4	8	11	12	33	10
01.10.2003	6	10	12	17	25	11
24.09.2003	4	7	11	17	28	1
17.09.2003	6	8	22	24	32	11
10.09.2003	8	9	11	17	34	10
03.09.2003	2	17	19	20	30	2
27.08.2003	8	11	14	24	28	1
20.08.2003	3	6	14	25	29	10
13.08.2003	2	9	18	25	33	10
06.08.2003	3	10	13	22	28	5
30.07.2003	2	6	15	20	27	1
23.07.2003	1	4	13	23	25	2
16.07.2003	11	16	21	22	33	6
09.07.2003	6	17	24	27	34	11
02.07.2003	3	9	11	15	25	3
25.06.2003	7	11	12	25	31	14
18.06.2003	1	4	17	18	24	7
11.06.2003	14	15	23	24	34	14
04.06.2003	14	15	18	19	34	5
28.05.2003	4	7	26	33	34	11
21.05.2003	4	14	15	16	23	2
14.05.2003	8	9	10	15	18	7
07.05.2003	7	14	20	22	26	1
30.04.2003	8	10	13	14	31	10
23.04.2003	13	16	20	22	27	5
16.04.2003	2	4	18	25	28	10
09.04.2003	8	10	14	27	33	8
02.04.2003	12	13	15	19	27	8
26.03.2003	11	13	14	17	25	8
19.03.2003	1	4	19	25	32	4
12.03.2003	1	3	13	24	34	8
05.03.2003	3	5	8	15	26	5
26.02.2003	5	15	16	17	26	5
19.02.2003	1	15	20	22	29	4
12.02.2003	9	17	20	22	30	13
05.02.2003	4	10	25	27	30	6
29.01.2003	10	14	16	17	23	12
22.01.2003	2	3	16	23	32	7
15.01.2003	5	17	18	23	29	11
08.01.2003	4	7	8	22	24	4
01.01.2003	2	3	11	20	24	11
25.12.2002	9	15	16	31	32	8
18.12.2002	2	5	6	11	34	7
11.12.2002	13	23	26	27	34	1
04.12.2002	7	12	15	31	34	6
27.11.2002	5	8	18	23	33	14
20.11.2002	2	18	26	28	34	12
13.11.2002	5	7	9	12	18	5
06.11.2002	5	17	23	25	30	10
30.10.2002	9	19	30	32	33	13
23.10.2002	1	3	15	18	28	12
16.10.2002	2	10	11	29	31	10
09.10.2002	4	7	16	19	29	14
02.10.2002	3	5	16	26	27	5
25.09.2002	7	20	29	30	31	2
18.09.2002	2	4	7	14	16	2
11.09.2002	11	19	22	27	29	5
04.09.2002	10	12	17	27	30	11
28.08.2002	11	17	20	23	28	4
21.08.2002	5	17	21	26	34	6
14.08.2002	14	21	22	25	27	10
07.08.2002	5	18	23	26	34	8
31.07.2002	6	13	14	16	32	12
24.07.2002	11	12	13	15	22	1
17.07.2002	6	11	16	29	34	8
10.07.2002	1	10	19	32	34	7
03.07.2002	2	4	24	26	33	12
26.06.2002	7	9	10	19	22	8
19.06.2002	1	5	10	24	29	9
12.06.2002	1	12	16	24	28	10
05.06.2002	5	8	9	29	30	4
29.05.2002	5	19	20	29	30	3
22.05.2002	25	26	28	33	34	10
15.05.2002	1	4	15	25	31	13
08.05.2002	1	9	15	17	28	10
01.05.2002	2	8	13	20	33	14
24.04.2002	3	12	24	26	34	7
17.04.2002	2	7	14	23	24	7
10.04.2002	2	10	12	28	29	9
03.04.2002	7	9	13	17	31	8
27.03.2002	3	5	17	20	25	10
20.03.2002	14	16	26	29	30	5
13.03.2002	7	10	15	17	19	12
06.03.2002	5	6	10	11	30	3
27.02.2002	15	18	26	27	34	4
20.02.2002	6	7	9	18	21	14
13.02.2002	3	4	20	21	28	3
06.02.2002	6	11	19	22	25	12
30.01.2002	5	6	13	16	29	5
23.01.2002	2	10	17	29	32	6
16.01.2002	1	9	12	19	29	5
09.01.2002	1	5	13	24	27	14
02.01.2002	3	6	7	14	16	2
26.12.2001	12	20	23	25	32	3
19.12.2001	12	15	16	21	32	9
12.12.2001	1	6	15	26	29	11
05.12.2001	1	11	14	22	29	2
28.11.2001	21	23	28	29	33	2
21.11.2001	8	9	12	18	24	10
14.11.2001	4	5	22	29	34	3
07.11.2001	3	7	18	20	29	1
31.10.2001	5	10	18	29	34	11
24.10.2001	5	14	16	26	29	14
17.10.2001	1	4	30	31	32	6
10.10.2001	2	3	5	9	28	5
03.10.2001	2	12	27	29	30	10
26.09.2001	16	24	27	29	31	1
19.09.2001	4	8	11	13	14	4
12.09.2001	6	8	15	20	33	12
05.09.2001	1	11	19	26	29	4
29.08.2001	9	20	25	32	33	4
22.08.2001	4	6	9	29	31	7
15.08.2001	2	9	15	27	31	9
08.08.2001	12	20	32	33	34	11
01.08.2001	1	8	9	14	15	6
25.07.2001	8	10	13	14	15	10
18.07.2001	8	16	17	20	34	5
11.07.2001	8	16	24	27	31	3
04.07.2001	10	12	22	24	32	5
27.06.2001	15	18	22	25	29	4
20.06.2001	4	5	6	10	16	13
